10000000 11101010 11101000 10111011 10100010 11101000 11101110 11100010 11101110 10001010 10001010 11101000 11101110 11100010 11101000 11101010 00101000 11100010 10100010 11100011 10100011 10101000 11101010 00101110 00101010 10001010 10000000

00000001 11010101 11010001 01110111 01000101 11010001 11011101 11000101 11011101 00010101 00010101 11010001 11011101 11000101 11010001 11010100 01010001 11000101 01000101 11000111 01000111 01010001 11010100 01011100 01010101 00010101 0000000

00000011 10101011 10100010 11101110 10001011 10100011 10111011 10001011 10111010 00101010 00101011 10100011 10111011 10001011 10100011 10101000 10100011 10001010 10001011 10001110 10001110 10100011 10101000 10111000 10101010 00101010 000000

00000111 01010111 01000101 11011101 00010111 01000111 01110111 00010111 01110100 01010100 01010111 01000111 01110111 00010111 01000111 01010001 01000111 00010101 00010111 00011101 00011101 01000111 01010001 01110001 01010100 01010100 00000

00001110 10101110 10001011 10111010 00101110 10001110 11101110 00101110 11101000 10101000 10101110 10001110 11101110 00101110 10001110 10100010 10001110 00101010 00101110 00111010 00111010 10001110 10100010 11100010 10101000 10101000 0000

00011101 01011101 00010111 01110100 01011101 00011101 11011100 01011101 11010001 01010001 01011101 00011101 11011100 01011101 00011101 01000101 00011100 01010100 01011100 01110100 01110101 00011101 01000101 11000101 01010001 01010000 000

00111010 10111010 00101110 11101000 10111010 00111011 10111000 10111011 10100010 10100010 10111010 00111011 10111000 10111010 00111010 10001010 00111000 10101000 10111000 11101000 11101010 00111010 10001011 10001010 10100010 10100000 00

01110101 01110100 01011101 11010001 01110100 01110111 01110001 01110111 01000101 01000101 01110100 01110111 01110001 01110100 01110101 00010100 01110001 01010001 01110001 11010001 11010100 01110101 00010111 00010101 01000101 01000000 0

