11000101 11011101 00010101 00010101 11010001 11011101 11000101 11010001 11010100 01010001 11000101 01000101 11000111 01000111 01010001 11010100

00001011 10001110 10001110 10100011 10101000 10111000 10101010 00101010 00000011 10101011 10100010 11101110 10001011 10100011 10111011 10001011

10100010 10100000 00111010 10111010 00101110 11101000 10111010 00111011 10111000 10111011 10100010 10100010 10111010 00111011 10111000 10111010 00111010 10001010 00111000 10101000 10111000 11101000 11101010 00111010 10001011 10001010 10100010 10100000 00111010 10111010 00101110 11101000

01110111 00010111 01000111 01010001 01000111 00010101 00010111 00011101 00011101 01000111 01010001 01110001 01010100 01010100 00000111 01010111 01000101 11011101 00010111 01000111 01110111 00010111 01110100 01010100 01010111 01000111 01110111 00010111 01000111 01010001 01000111 00010101
 0111011100010111010001110101000101000111000101010001011100011101000111010100011101010001011100010101010001010100000001110101011101000101110111010001011101000111011101110001011101110100010101000101011101000111011101110001011101000111010100010100011100010101

10111000101010100010101000000011101010111010001011101110100010111010001110111011100010111011101000101010001010111010001110111011100010111010001110101000101000111000101010001011100011101000111010100011101010001011100010101010001010100000001110101011101000101110111010001011101000111011101110001011101110100010101000101011101000111011101110001011101000111010100010100011100010101000101110001110100011101010001110101000101110001010101000101010000000111010101110100010111011101000101110100011101110111000101110111010
 10111000 10101010 00101010 00000011 10101011 10100010 11101110 10001011 10100011 10111011 10001011 10111010 00101010 00101011 10100011 10111011 10001011 10100011 10101000 10100011 10001010 10001011 10001110 10001110 10100011 10101000 10111000 10101010 00101010 00000011 10101011 10100010 11101110 10001011 10100011 10111011 10001011 10111010 00101010 00101011 10100011 10111011 10001011 10100011 10101000 10100011 10001010 10001011 10001110 10001110 10100011 10101000 10111000 10101010 00101010 00000011 10101011 10100010 11101110 10001011 10100011 10111011 10001011 10111010

0111010001011101000111011101110001011101111010010101000101011101000111011101110000011101000111010100010100011100010101000101110000110100011101010001110101000101110001010101000101010000000011000101110100010111011101000101110100001110110111000101110111010001
 01110100 01011101 00011101 11011100 01011101 11101001 01010001 01011101 00011101 11011100 00011101 00011101 01000101 00011100 01010100 01011100 00110100 01110101 00011101 01000101 11000101 01010001 01010000 00001100 01011101 00010111 01110100 01011101 00001110 11011100 01011101 11010001

1101010001110101000101110001010101000101010000000111010101110100010111011101000101110100011101110111000101110111010001010100010101110100011101110111000101110100011101010001010001110001010100010111000111010001110101000111010100010111000101010100010101000000
 11010100 01110101 00010111 00010101 01000101 01000000 01110101 01110100 01011101 11010001 01110100 01110111 01110001 01110111 01000101 01000101 01110100 01110111 01110001 01110100 01110101 00010100 01110001 01010001 01110001 11010001 11010100 01110101 00010111 00010101 01000101 01000000

10001010100000001110101011101000101110111010001011101000111011101110001011101110100010101000101011101000111011101110001011101000111010100010100011100010101000101110001110100011101010001110101000101110001010101000101010000000111010101110100010111011101000101110100011101110111000101110111010001010100010101110100011101110111000101110100011101010001010001110001010100010111000111010001110101000111010100010111000101010100010101000000011101010111010001011101110100010111010001110111011100010111011101000101010001010
 10001010 10000000 11101010 11101000 10111011 10100010 11101000 11101110 11100010 11101110 10001010 10001010 11101000 11101110 11100010 11101000 11101010 00101000 11100010 10100010 11100011 10100011 10101000 11101010 00101110 00101010 10001010 10000000 11101010 11101000 10111011 10100010 11101000 11101110 11100010 11101110 10001010 10001010 11101000 11101110 11100010 11101000 11101010 00101000 11100010 10100010 11100011 10100011 10101000 11101010 00101110 00101010 10001010 10000000 11101010 11101000 10111011 10100010 11101000 11101110 11100010 11101110 10001010 10001010

16:39:52 το πρωτο bit, 16:43:21 ξαναξεκιναει το ιδιο pattern
Αρα συνεχιζεται καθε 3 λεπτα και 29 δευτερολεπτα 209 seconds
PATTERN: 10000000 11101010 11101000 10111011 10100010 11101000 11101110 11100010 11101110 10001010 10001010 11101000 11101110 11100010 11101000 11101010 00101000 11100010 10100010 11100011 10100011 10101000 11101010 00101110 00101010 10001010

1000000011101010111010001011101110100010111010001110111011100010111011101000101010001010111010001110111011100010111010001110101000101000111000101010001011100011101000111010100011101010001011100010101010001010

1110101011101000101110111010001011101000111011101110001011101110100010101000101011101000111011101110001011101000111010100010100011100010101000101110001110100011101010001110101000101110001010101000101010000000
